20150601120412156914
220
20150601200040011100130019103466
20150601120656191203
280
20150601200040011100010019245274
20150601120652228796
200
20150601200040011100470019064906
20150601121925257718
300
20150601200040011100760019066466
20150601122144519163
500
20150601200040011100090019223428
20150601123320327185
100
20150601200040011100310019061614
20150601124324422646
500
20150601200040011100000019240424
20150601124504668422
189
20150601200040011100200019117505
20150601124958276538
120
20150601200040011100750019067593
20150601125842843059
100
20150601200040011100760019095649
20150601130532562179
200
20150601200040011100300019214787
20150601130809685655
100
20150601200040011100870019027606
20150601132105740218
10
20150601200040011100240019243598
20150601132912944673
200
20150601200040011100110019236674
20150601135614941922
1000
20150601200040011100650019010618

0


0

